       7.4772544       7.9062476       7.9062476       7.7989988       7.8704977
       7.8704977       7.8704977       7.7989988       8.5139875       8.5139875
       8.5318623       8.5139875       8.0671196       8.1386185       8.0671196
       8.1564941       8.1922426       8.1922426       8.1564941       8.1922426
       8.4246140       8.4246140       8.4961128       8.5497370       8.5497370
       8.5318623       8.5318623       8.4246140       8.4961128       8.4246140
       8.4246140       8.4246140       8.6212358       8.6212358       8.6212358
       8.6212358       8.4782381       8.4782381       8.4782381       8.2994919
       8.2994919       8.2994919       8.2994919       8.3173656       8.2458668
       8.2458668       8.2458668       8.2458668       8.1028690       8.1743679
       8.1028690       8.1028690       8.0492449       7.9956212       7.9241223
       7.9956212       7.5487533       7.5487533       7.4415045       7.4415045
       7.2091331       7.0125117       7.0125117       7.0125117       7.2448831
       7.2448831       7.2448831       6.9767628       7.0840106       7.0840106
       6.9588876       7.5666280       7.5666280       7.1018853       7.1018853
       7.1733842       7.7096257       7.1733842       7.1733842       6.9052629
       6.8158903       6.7980151       6.8158903       6.6728926       6.6728926
       6.6550174       6.6550174       6.7622652       6.7801404       6.7801404
       6.7801404       6.7622652       6.8337641       6.8337641       6.8337641
       6.8337641       6.8337641       6.8337641       6.8337641       6.8337641
       6.8337641       6.8337641       6.8337641       6.8337641       6.8337641
       6.8337641       6.8337641       6.8337641
       8.3531151       8.3531151       8.3531151       8.4246140       8.4067392
       8.4246140       8.4067392       8.4246140       8.0313702       8.2101173
       8.0313702       8.0313702       8.3531151       8.3531151       8.5139875
       8.5139875       8.4782381       8.4782381       8.5676117       8.4246140
       8.4246140       8.4246140       8.4246140       8.6391106       8.6391106
       8.6212358       8.6391106       8.6033621       8.6569853       8.6569853
       8.4424887       8.4782381       8.4782381       8.4424887       8.4782381
       8.4246140       8.4246140       8.2816162       8.4246140       8.5854864
       8.4246140       8.4246140       8.5854864       8.4246140       8.5676117
       8.5676117       8.4246140       8.1743679       8.2994919       8.1743679
       8.2994919       8.0313702       8.0134954       8.0134954       8.0134954
       8.0313702       8.0313702       8.0313702       7.8168736       8.0313702
       8.1922426       8.0849953       8.0849953       8.2994919       8.1743679
       8.1743679       8.4424887       8.3709908       8.3709908       8.3709908
       8.2994919       8.4782381       8.4782381       8.4424887       8.1743679
       7.7096257       8.1743679       7.7096257       6.9588876       6.7980151
       6.7980151       6.7265162       6.7980151       6.8337641       6.8337641
       6.7801404       6.8337641       6.8337641       6.8337641       6.8337641
       6.8337641       6.8337641       6.8337641       6.8337641       6.8337641
       6.8337641       6.8337641       6.8337641       6.8337641       6.8337641
       6.8337641       6.8337641       6.8158903       6.8337641       6.8158903
       6.8158903       6.8337641       6.7980151
       8.4246140       8.4067392       8.4246140       8.4246140       8.4067392
       8.0313702       8.0313702       8.2101173       8.0313702       8.3531151
       8.3531151       8.3531151       8.5139875       8.4782381       8.4782381
       8.5676117       8.4246140       8.4246140       8.4246140       8.4246140
       8.6391106       8.6391106       8.6212358       8.6391106       8.6569853
       8.6033621       8.6569853       8.4782381       8.4424887       8.4782381
       8.4424887       8.4782381       8.4246140       8.4246140       8.2816162
       8.4246140       8.5854864       8.4246140       8.4246140       8.5854864
       8.4246140       8.5676117       8.5676117       8.4246140       8.1743679
       8.1743679       8.2994919       8.2994919       8.0134954       8.0313702
       8.0134954       8.0313702       8.0134954       8.0313702       7.8168736
       8.0313702       8.0313702       8.1922426       8.0849953       8.0849953
       8.2994919       8.1743679       8.1743679       8.1743679       8.3709908
       8.3709908       8.3709908       8.2994919       8.4782381       8.4782381
       8.4424887       8.1743679       8.1743679       7.7096257       7.7096257
       6.7980151       6.9588876       6.7980151       6.7980151       6.7265162
       6.8337641       6.7801404       6.8337641       6.8337641       6.8337641
       6.8337641       6.8337641       6.8337641       6.8337641       6.8337641
       6.8337641       6.8337641       6.8337641       6.8337641       6.8337641
       6.8337641       6.8337641       6.8337641       6.8337641       6.8337641
       6.8158903       6.8158903       6.8337641       6.8158903       6.7980151
       6.7980151       6.7622652       6.7980151
       8.4246140       8.4067392       8.0313702       8.2101173       8.0313702
       8.0313702       8.3531151       8.3531151       8.3531151       8.5139875
       8.4782381       8.4782381       8.4782381       8.4246140       8.4246140
       8.4246140       8.4246140       8.6391106       8.6391106       8.6212358
       8.6391106       8.6569853       8.6033621       8.6569853       8.4424887
       8.4782381       8.4782381       8.4782381       8.4424887       8.4246140
       8.4246140       8.2816162       8.4246140       8.5854864       8.4246140
       8.4246140       8.5854864       8.4246140       8.5676117       8.5676117
       8.4246140       8.1743679       8.1743679       8.2994919       8.2994919
       8.0313702       8.0134954       8.0134954       8.0134954       8.0313702
       8.0313702       8.0313702       7.8168736       8.0313702       8.0849953
       8.1922426       8.0849953       8.2994919       8.1743679       8.1743679
       8.1743679       7.8704977       8.3709908       8.3709908       8.2994919
       8.4782381       8.4782381       8.4424887       8.1743679       8.1743679
       7.7096257       7.7096257       6.9588876       6.7980151       6.7980151
       6.7265162       6.7980151       6.8337641       6.8337641       6.7801404
       6.8337641       6.8337641       6.8337641       6.8337641       6.8337641
       6.8337641       6.8337641       6.8337641       6.8337641       6.8337641
       6.8337641       6.8337641       6.8337641       6.8337641       6.8337641
       6.8337641       6.8337641       6.8158903       6.8158903       6.8158903
       6.8337641       6.7980151       6.7622652       6.7980151       6.7980151
       6.8337641       6.8337641       6.8337641
       8.0313702       8.3531151       8.3531151       8.3531151       8.2994919
       8.4782381       8.2279930       8.4782381       8.4782381       8.4246140
       8.4067392       8.4067392       8.4246140       8.6212358       8.6212358
       8.6391106       8.6033621       8.6033621       8.6569853       8.4961128
       8.4782381       8.4782381       8.4961128       8.4782381       8.4246140
       8.2816162       8.2816162       8.2816162       8.4246140       8.4246140
       8.4246140       8.2816162       8.4246140       8.5676117       8.4246140
       8.4246140       8.1743679       8.2994919       8.2994919       8.2994919
       8.3173656       8.0134954       8.0134954       7.9777465       8.0134954
       8.0313702       7.8168736       7.8168736       8.0849953       8.0313702
       8.0849953       8.0849953       7.9419966       8.1743679       7.8704977
       8.1743679       7.8704977       8.3709908       8.2994919       8.2994919
       8.2994919       8.4424887       8.4424887       8.4424887       7.7096257
       7.7096257       7.7096257       7.1912589       6.7980151       6.7980151
       6.7265162       6.7265162       6.8337641       6.7801404       6.7801404
       6.8337641       6.8337641       6.8337641       6.8337641       6.8337641
       6.8337641       6.8337641       6.8337641       6.8337641       6.8337641
       6.8337641       6.8337641       6.8337641       6.8337641       6.8337641
       6.8337641       6.8337641       6.8158903       6.8158903       6.8337641
       6.8337641       6.7980151       6.7622652       6.7622652       6.7980151
       6.8337641       6.8337641       6.8337641       6.8337641       6.8873887
       6.8873887       6.8873887       6.8873887
       8.3531151       8.2994919       8.4782381       8.4782381       8.2279930
       8.4782381       8.4067392       8.4246140       8.4067392       8.4246140
       8.4067392       8.6212358       8.6212358       8.6033621       8.6033621
       8.6569853       8.4961128       8.4782381       8.4782381       8.4961128
       8.4782381       8.4246140       8.2816162       8.2816162       8.4246140
       8.2816162       8.4246140       8.2816162       8.4246140       8.4246140
       8.5676117       8.4246140       8.4246140       8.1743679       8.2994919
       8.2994919       8.2994919       8.3173656       8.0134954       8.0134954
       7.9777465       8.0134954       8.0313702       7.8168736       7.8168736
       8.0313702       8.0849953       8.0849953       7.9419966       8.0849953
       8.1743679       8.1743679       7.8704977       7.8704977       8.2994919
       8.3709908       8.2994919       8.2994919       8.4424887       8.4424887
       8.4424887       8.2279930       7.7096257       7.7096257       7.1912589
       6.7980151       6.7980151       6.7265162       6.7265162       6.8337641
       6.7801404       6.7801404       6.8337641       6.8337641       6.8337641
       6.8337641       6.8337641       6.8337641       6.8337641       6.8337641
       6.8337641       6.8337641       6.8337641       6.8337641       6.8337641
       6.8337641       6.8337641       6.8337641       6.8337641       6.8158903
       6.8158903       6.8337641       6.8337641       6.7980151       6.7622652
       6.7622652       6.7980151       6.8337641       6.8337641       6.8337641
       6.8337641       6.8873887       6.8873887       6.8873887       6.8873887
       6.9588876       6.9410129       6.9410129
       8.4782381       8.2279930       8.4782381       8.4246140       8.4067392
       8.4067392       8.4067392       8.4246140       8.6212358       8.6212358
       8.5676117       8.6033621       8.6033621       8.4961128       8.4782381
       8.4782381       8.4961128       8.4782381       8.4246140       8.2816162
       8.2816162       8.4246140       8.2816162       8.4246140       8.4246140
       8.2816162       8.4246140       8.4246140       8.5676117       8.4246140
       8.1743679       8.2994919       8.2994919       8.2994919       8.3173656
       8.0134954       8.0134954       7.9777465       8.0134954       8.0313702
       7.8168736       7.8168736       8.0313702       8.0849953       8.0849953
       8.0849953       7.9419966       8.1743679       7.8704977       8.1743679
       7.8704977       8.3709908       8.2994919       8.2994919       8.4424887
       8.2994919       8.4424887       8.4424887       8.2279930       7.7096257
       7.7096257       7.1912589       7.1912589       6.7980151       6.7265162
       6.7265162       6.8337641       6.7801404       6.7801404       6.8337641
       6.8337641       6.8337641       6.8337641       6.8337641       6.8337641
       6.8337641       6.8337641       6.8337641       6.8337641       6.8337641
       6.8337641       6.8337641       6.8337641       6.8337641       6.8337641
       6.8337641       6.8158903       6.8158903       6.8337641       6.8337641
       6.7980151       6.7622652       6.7622652       6.7980151       6.8337641
       6.8337641       6.8337641       6.8337641       6.8873887       6.8873887
       6.8873887       6.8873887       6.9410129       6.9588876       6.9410129
       7.1376343       7.0661354       7.0661354
       8.4961128       8.4067392       8.4067392       8.4067392       8.4246140
       8.6569853       8.6391106       8.6569853       8.6391106       8.5139875
       8.4246140       8.4246140       8.7106094       8.7284842       8.7284842
       8.9251060       8.7821083       8.7821083       8.7821083       8.5139875
       8.7463598       8.7463598       8.6927347       8.6927347       8.8357325
       8.7999830       8.7999830       8.9608555       8.9966049       8.9608555
       8.9608555       8.9072313       8.8714819       8.8714819       8.7642336
       8.7642336       8.9429808       8.8178577       8.8178577       8.8178577
       8.8714819       8.8714819       8.8714819       8.9429808       8.8178577
       8.8178577       8.8178577       8.8178577       8.8357325       8.8178577
       8.8357325       8.8357325       8.8714819       8.8178577       8.8714819
       8.8178577       8.7999830       8.7999830       8.8714819       8.8714819
       8.7284842       8.6927347       8.6927347       8.6927347       8.7106094
       8.7106094       8.7106094       8.9608555       8.9608555       8.9608555
       8.9251060       9.2111015       9.2111015       9.1574764       9.1574764
       9.2826004       9.3719730       9.2826004       9.2826004       9.1217279
       9.1217279       9.0323544       9.1217279       8.8357325       8.8357325
       8.9429808       8.9429808       8.7642336       8.7106094       8.7106094
       7.6738763       7.4236298       7.4236298       7.4236298       7.0482616
       7.0125117       7.0125117       6.9231381       6.9231381       6.9767628
       6.9231381       6.9231381       7.0661354       7.0303864       7.0661354
       7.0661354       6.9231381       6.9588876
       8.4246140       8.4067392       8.4067392       8.4246140       8.4067392
       8.6212358       8.5676117       8.6212358       8.6033621       8.6033621
       8.4961128       8.4961128       8.4782381       8.4961128       8.4782381
       8.4246140       8.2816162       8.2816162       8.4246140       8.2816162
       8.4246140       8.4246140       8.2816162       8.4246140       8.5676117
       8.4246140       8.4246140       8.2994919       8.1743679       8.2994919
       8.2994919       8.3173656       8.0134954       8.0134954       7.9777465
       8.0134954       8.0313702       7.8168736       7.8168736       8.0313702
       8.0849953       8.0849953       8.0849953       7.9419966       8.1743679
       8.1743679       7.8704977       7.8704977       8.2994919       8.3709908
       8.2994919       8.2994919       8.4424887       8.4424887       8.2279930
       8.4424887       7.7096257       7.7096257       7.1912589       7.1912589
       6.7980151       6.7265162       6.7265162       6.7265162       6.7801404
       6.7801404       6.8337641       6.8337641       6.8337641       6.8337641
       6.8337641       6.8337641       6.8337641       6.8337641       6.8337641
       6.8337641       6.8337641       6.8337641       6.8337641       6.8337641
       6.8337641       6.8337641       6.8337641       6.8158903       6.8158903
       6.8337641       6.8337641       6.7980151       6.7622652       6.7622652
       6.7980151       6.8337641       6.8337641       6.8337641       6.8337641
       6.8873887       6.8873887       6.8873887       6.8873887       6.9588876
       6.9410129       6.9410129       7.0661354       7.1376343       7.0661354
       7.0661354       7.0125117       7.8526235
       8.4961128       8.4067392       8.6569853       8.6569853       8.6569853
       8.6569853       8.5139875       8.6212358       8.5139875       8.5139875
       8.7106094       8.7106094       8.7106094       8.9251060       8.9251060
       8.9251060       8.7821083       8.7999830       8.7999830       8.7463598
       8.7463598       8.8178577       8.8357325       8.8357325       8.8357325
       8.9966049       8.9966049       8.9608555       8.9966049       8.9251060
       8.9251060       8.8714819       8.8714819       8.9787302       8.9429808
       8.9429808       8.9429808       8.8178577       8.8357325       8.8357325
       8.8714819       8.8714819       8.8714819       8.8178577       8.8178577
       8.8714819       8.8178577       8.8178577       8.8357325       8.8178577
       8.7821083       8.7821083       8.8178577       8.7642336       8.7999830
       8.7642336       8.7999830       8.7463598       8.7284842       8.7284842
       8.7284842       8.6927347       8.6748610       8.6748610       8.7106094
       8.9072313       8.9072313       8.9608555       9.2468510       9.2468510
       9.2111015       9.2111015       9.4077234       9.3719730       9.3719730
       9.2826004       9.3719730       9.1217279       9.1217279       9.1217279
       8.8536072       8.8357325       8.8536072       8.8357325       8.6927347
       8.7642336       8.7642336       8.7642336       7.6738763       7.6738763
       7.6738763       7.4236298       7.0125117       7.0125117       7.0125117
       7.0125117       7.0125117       6.9767628       6.9767628       6.9767628
       7.0303864       7.0303864       7.0661354       7.0303864       7.1018853
       7.1018853       6.9588876       6.9588876
       8.6391106       8.6212358       8.6212358       8.6391106       8.6033621
       8.6033621       8.4961128       8.6569853       8.4782381       8.4782381
       8.4961128       8.4782381       8.4246140       8.2816162       8.4246140
       8.5854864       8.4246140       8.4246140       8.5854864       8.4246140
       8.5676117       8.5676117       8.4246140       8.1743679       8.1743679
       8.2994919       8.2994919       8.0134954       8.0313702       8.0134954
       8.0313702       8.0134954       8.0313702       8.0313702       7.8168736
       8.0313702       8.1922426       8.0849953       8.0849953       8.2994919
       8.1743679       8.1743679       8.1743679       7.8704977       8.3709908
       8.3709908       8.2994919       8.2994919       8.4424887       8.4782381
       8.4424887       8.1743679       7.7096257       7.7096257       7.1912589
       7.7096257       6.7980151       6.7980151       6.7265162       6.7265162
       6.8337641       6.7801404       6.7801404       6.8337641       6.8337641
       6.8337641       6.8337641       6.8337641       6.8337641       6.8337641
       6.8337641       6.8337641       6.8337641       6.8337641       6.8337641
       6.8337641       6.8337641       6.8337641       6.8337641       6.8158903
       6.8158903       6.8337641       6.8158903       6.7980151       6.7980151
       6.7622652       6.7980151       6.8337641       6.8337641       6.8337641
       6.8873887       6.8873887       6.8873887       6.8873887       6.8873887
       6.9588876       6.9588876       6.9410129       7.1376343       7.1376343
       7.0661354       7.0661354       7.8526235       8.1922426       7.8526235
       8.1922426       7.8526235       8.6748610
       8.6569853       8.6391106       8.6391106       8.5139875       8.4246140
       8.4246140       8.7284842       8.7106094       8.7284842       8.7284842
       8.6569853       8.7821083       8.7821083       8.5139875       8.7463598
       8.7463598       8.6927347       8.6927347       8.8357325       8.7999830
       8.7999830       8.9966049       8.9608555       8.9608555       8.9608555
       8.9072313       8.8714819       8.7642336       8.8714819       8.7642336
       8.9429808       8.8178577       8.8178577       8.8178577       8.8714819
       8.8714819       8.8714819       8.9429808       8.8178577       8.8178577
       8.8178577       8.8178577       8.8178577       8.8357325       8.8357325
       8.8357325       8.8714819       8.8178577       8.8714819       8.8178577
       8.7999830       8.7999830       8.8714819       8.8714819       8.6927347
       8.7284842       8.6927347       8.6927347       8.6748610       8.7106094
       8.7106094       8.7106094       8.9608555       8.9608555       8.9251060
       9.2111015       9.2111015       9.1574764       9.1574764       9.3719730
       9.2826004       9.2826004       9.2826004       9.1217279       9.1217279
       9.0323544       9.1217279       8.8357325       8.8357325       8.9429808
       8.9429808       8.7106094       8.7642336       8.7106094       7.6738763
       7.4236298       7.4236298       7.4236298       7.0482616       7.0125117
       7.0125117       6.9231381       6.9231381       6.9767628       6.9231381
       6.9231381       7.0303864       7.0661354       7.0661354       7.0661354
       6.9231381       6.9588876       6.9052629       6.9588876       6.9052629
       6.9410129       6.9410129       6.9410129
       8.6212358       8.5676117       8.6033621       8.6033621       8.4961128
       8.4961128       8.4961128       8.4782381       8.4961128       8.4782381
       8.4961128       8.2816162       8.2816162       8.2816162       8.4246140
       8.4246140       8.2816162       8.4246140       8.5676117       8.4246140
       8.4246140       8.1743679       8.2994919       8.2994919       8.2994919
       8.3173656       8.0134954       7.9777465       8.0134954       8.0134954
       8.0313702       7.8168736       7.8168736       8.0313702       8.0849953
       8.0849953       8.0849953       7.9419966       8.1743679       8.1743679
       7.8704977       7.8704977       8.3709908       8.2994919       8.2994919
       8.2994919       8.4424887       8.4424887       8.2279930       8.4424887
       7.7096257       7.7096257       7.1912589       7.1912589       6.7265162
       6.7980151       6.7265162       6.7265162       6.7086415       6.7801404
       6.7801404       6.7801404       6.8337641       6.8337641       6.8337641
       6.8337641       6.8337641       6.8337641       6.8337641       6.8337641
       6.8337641       6.8337641       6.8337641       6.8337641       6.8337641
       6.8337641       6.8337641       6.8158903       6.8158903       6.8337641
       6.8337641       6.7622652       6.7980151       6.7622652       6.7980151
       6.8337641       6.8337641       6.8337641       6.8337641       6.8873887
       6.8873887       6.8873887       6.8873887       6.9588876       6.9410129
       6.9410129       7.1376343       7.0661354       7.0661354       7.0661354
       7.0125117       7.8526235       7.6381269       7.8526235       7.8526235
       8.6748610       8.9787302       8.9787302
       8.5139875       8.4246140       8.4246140       8.7106094       8.7284842
       8.7284842       8.6569853       8.7284842       8.7821083       8.7821083
       8.5139875       8.5139875       8.7463598       8.6927347       8.6927347
       8.8357325       8.7999830       8.7999830       8.9966049       8.9608555
       8.9608555       8.9608555       8.9072313       8.8714819       8.8714819
       8.7642336       8.7642336       8.8178577       8.9429808       8.8178577
       8.8178577       8.8714819       8.8714819       8.8714819       8.9429808
       8.8178577       8.8178577       8.8178577       8.8178577       8.8178577
       8.8357325       8.8357325       8.8357325       8.8714819       8.8178577
       8.8178577       8.8714819       8.7999830       8.8714819       8.7999830
       8.8714819       8.7284842       8.6927347       8.6927347       8.6748610
       8.6927347       8.7106094       8.7106094       8.7106094       8.9608555
       8.9608555       8.9251060       8.9251060       9.2111015       9.1574764
       9.1574764       9.3719730       9.2826004       9.2826004       9.2826004
       9.1217279       9.1217279       9.1217279       9.0323544       8.8357325
       8.9429808       8.8357325       8.9429808       8.7642336       8.7106094
       8.7106094       7.4236298       7.6738763       7.4236298       7.4236298
       7.0482616       7.0125117       7.0125117       6.9231381       6.9231381
       6.9767628       6.9231381       6.9231381       7.0303864       7.0661354
       7.0661354       7.0661354       6.9231381       6.9588876       6.9588876
       6.9052629       6.9052629       6.9410129       6.9410129       6.9410129
       7.0303864       7.0125117       7.0125117
       8.7642336       8.7284842       8.7642336       8.8536072       8.7821083
       8.7821083       8.7821083       8.8536072       9.0502291       9.0502291
       8.9966049       8.9072313       8.9072313       8.8536072       8.7999830
       8.7999830       8.7999830       8.7999830       8.8357325       8.8893566
       8.8893566       8.8893566       8.9787302       8.9608555       8.9608555
       8.9072313       8.9429808       8.9787302       8.9429808       8.9787302
       8.7999830       8.7999830       8.7999830       8.7999830       8.8536072
       8.9608555       8.9608555       8.9429808       8.8893566       8.8893566
       8.9251060       8.9251060       8.7999830       8.7821083       8.7821083
       8.7821083       8.7642336       8.6569853       8.7463598       8.6569853
       8.7463598       8.8178577       8.7821083       8.7821083       8.7642336
       8.8714819       8.7642336       8.7642336       8.6748610       8.8178577
       8.8178577       8.8178577       8.8178577       9.2289753       9.2468510
       9.4970970       9.4970970       9.4434719       9.4434719       9.3004742
       9.3183489       9.3183489       9.3183489       9.1753521       9.1396027
       8.9966049       9.1396027       8.9966049       8.9966049       8.7999830
       8.7999830       7.6381269       7.9241223       7.6381269       7.6381269
       7.4951296       7.2627578       7.2627578       7.0303864       7.1555095
       7.1555095       7.0125117       7.0125117       7.0125117       6.9588876
       6.9588876       6.9588876       7.0303864       7.0303864       7.0303864
       7.1018853       6.9946370       6.9767628       6.9946370       6.9767628
       7.1555095       7.0840106       7.0840106
       8.6569853       8.4961128       8.4782381       8.4782381       8.4961128
       8.4782381       8.2816162       8.4246140       8.2816162       8.4246140
       8.2816162       8.4246140       8.4246140       8.4246140       8.5676117
       8.5676117       8.4246140       8.1743679       8.1743679       8.2994919
       8.2994919       8.0313702       8.0134954       8.0134954       8.0313702
       8.0134954       8.0313702       7.8168736       8.0313702       8.0313702
       8.1922426       8.0849953       8.0849953       8.2994919       8.1743679
       8.1743679       8.1743679       7.8704977       8.3709908       8.3709908
       8.2994919       8.2994919       8.4782381       8.4424887       8.4424887
       8.1743679       7.7096257       7.7096257       7.1912589       7.7096257
       6.7980151       6.7980151       6.7265162       6.7265162       6.7801404
       6.8337641       6.7801404       6.8337641       6.8337641       6.8337641
       6.8337641       6.8337641       6.8337641       6.8337641       6.8337641
       6.8337641       6.8337641       6.8337641       6.8337641       6.8337641
       6.8337641       6.8337641       6.8337641       6.8158903       6.8158903
       6.8337641       6.8158903       6.7980151       6.7980151       6.7622652
       6.7980151       6.8337641       6.8337641       6.8337641       6.8873887
       6.8873887       6.8873887       6.8873887       6.8873887       6.9588876
       6.9588876       6.9410129       7.1376343       7.1376343       7.0661354
       7.0661354       8.1922426       7.8526235       7.8526235       8.1922426
       7.8526235       8.6748610       8.9787302       8.6748610       8.8357325
       8.8357325       8.9429808       8.8357325
       8.8536072       8.7821083       8.8536072       8.9787302       9.0502291
       9.0502291       8.9072313       8.9787302       8.9072313       8.9072313
       8.8536072       8.7999830       8.7999830       8.7999830       8.8357325
       8.8357325       8.8893566       8.8893566       8.9787302       8.9608555
       8.9608555       8.9787302       8.9429808       8.9429808       8.9429808
       8.9787302       8.7999830       8.7999830       8.7999830       8.7999830
       8.9072313       8.9608555       8.9608555       8.9608555       8.8893566
       8.8893566       8.8893566       8.9251060       8.7999830       8.7999830
       8.7821083       8.7821083       8.6033621       8.6569853       8.6569853
       8.6569853       8.7463598       8.8178577       8.7821083       8.8178577
       8.8714819       8.8714819       8.7642336       8.7642336       8.8178577
       8.8893566       8.8178577       8.8178577       8.8178577       9.2289753
       9.2289753       9.2468510       9.4970970       9.4970970       9.4434719
       9.3004742       9.3004742       9.3183489       9.3183489       9.1932268
       9.1396027       9.1396027       9.1574764       8.9966049       8.9966049
       8.7999830       8.9966049       7.9241223       7.9241223       7.6381269
       7.6381269       7.2627578       7.6023774       7.2627578       7.6381269
       7.1555095       7.1555095       7.1555095       7.0125117       7.0125117
       7.0125117       6.9588876       6.9588876       7.0303864       7.0303864
       7.0303864       7.0303864       6.9946370       6.9946370       6.9946370
       6.9767628       7.1555095       7.0840106       7.1555095       8.4782381
       8.4782381       8.0671196       8.0671196
       8.4782381       8.4782381       8.4782381       8.2994919       8.2994919
       8.2994919       8.3173656       8.2994919       8.2458668       8.2458668
       8.2458668       8.2458668       8.1743679       8.1028690       8.1028690
       8.1386185       7.9956212       7.9956212       7.9956212       7.5487533
       7.5487533       7.5487533       7.4415045       7.2091331       7.2091331
       7.0125117       7.0125117       7.2448831       7.6560011       7.2448831
       7.2448831       6.9767628       7.0840106       7.0840106       6.9588876
       7.5666280       7.5666280       7.1018853       7.1018853       7.7096257
       7.1733842       7.1733842       7.1733842       6.9052629       6.8158903
       6.8158903       6.7980151       6.6728926       6.6550174       6.6728926
       6.6550174       6.7622652       6.7801404       6.7801404       6.7622652
       6.7801404       6.8337641       6.8337641       6.8337641       6.8337641
       6.8337641       6.8337641       6.8337641       6.8337641       6.8337641
       6.8337641       6.8337641       6.8337641       6.8337641       6.8337641
       6.8337641       6.8337641       6.8337641       6.8337641       6.8337641
       6.8337641       6.8337641       6.8337641       6.8337641       6.8337641
       6.8337641       6.8873887       6.8337641       6.8873887       6.8873887
       6.8695140       6.9052629       6.9052629       6.8873887       6.8873887
       6.9946370       6.9767628       6.9767628       7.5666280       7.4057555
       7.4057555       7.4057555       7.2091331       9.4792223       9.4792223
       8.7999830       8.7999830       8.8714819       8.9966049       8.8714819
       9.0502291       8.9966049       8.9966049
       8.9787302       9.0502291       9.0502291       8.9787302       8.9072313
       8.9072313       8.8536072       8.9072313       8.7999830       8.7999830
       8.7999830       8.7999830       8.8357325       8.8893566       8.8893566
       8.9787302       8.9608555       8.9608555       8.9787302       8.9429808
       8.9429808       8.9429808       8.9787302       8.7999830       8.7999830
       8.7999830       8.7999830       8.9608555       8.9072313       8.9608555
       8.9608555       8.8893566       8.8893566       8.8893566       8.9251060
       8.7999830       8.7999830       8.7821083       8.7821083       8.6033621
       8.6569853       8.6569853       8.6569853       8.7463598       8.8178577
       8.8178577       8.7821083       8.8714819       8.7642336       8.8714819
       8.7642336       8.8893566       8.8178577       8.8178577       8.8178577
       8.8178577       9.2289753       9.2289753       9.2468510       9.4970970
       9.4970970       9.4434719       9.4434719       9.3004742       9.3183489
       9.3183489       9.1932268       9.1396027       9.1396027       9.1574764
       8.9966049       8.9966049       8.9966049       8.7999830       7.9241223
       7.6381269       7.9241223       7.6381269       7.6023774       7.2627578
       7.2627578       7.1555095       7.6381269       7.1555095       7.1555095
       7.0125117       7.0125117       7.0125117       6.9588876       6.9588876
       7.0303864       7.0303864       7.0303864       7.0303864       6.9946370
       6.9946370       6.9946370       6.9767628       7.1555095       7.1555095
       7.0840106       8.4782381       8.0671196       8.4782381       8.0671196
       9.3719730       9.2647257       9.2647257
       8.2994919       8.2994919       8.2994919       8.2994919       8.3173656
       8.2458668       8.2458668       8.2458668       8.2458668       8.1743679
       8.1028690       8.1028690       8.1028690       7.9956212       7.9956212
       7.9956212       7.5487533       7.5487533       7.5487533       7.4415045
       7.2091331       7.2091331       7.0125117       7.0125117       7.6560011
       7.2448831       7.2448831       6.9767628       7.2448831       7.0840106
       7.0840106       6.9588876       7.5666280       7.5666280       7.1018853
       7.1018853       7.7096257       7.1733842       7.1733842       7.1733842
       6.9052629       6.8158903       6.8158903       6.7980151       6.6728926
       6.6728926       6.6550174       6.6550174       6.7801404       6.7622652
       6.7801404       6.7801404       6.7622652       6.8337641       6.8337641
       6.8337641       6.8337641       6.8337641       6.8337641       6.8337641
       6.8337641       6.8337641       6.8337641       6.8337641       6.8337641
       6.8337641       6.8337641       6.8337641       6.8337641       6.8337641
       6.8337641       6.8337641       6.8337641       6.8337641       6.8337641
       6.8337641       6.8337641       6.8337641       6.8337641       6.8873887
       6.8873887       6.8695140       6.8873887       6.9052629       6.9052629
       6.8873887       6.8873887       6.9946370       6.9767628       6.9767628
       7.5666280       7.4057555       7.4057555       7.4057555       7.2091331
       9.4792223       9.4792223       8.7999830       8.7999830       8.9966049
       8.8714819       8.8714819       8.9966049       9.0502291       8.9966049
       8.9966049       9.0144796       8.9072313
       8.9072313       8.8536072       8.8536072       8.7999830       8.7999830
       8.7999830       8.8178577       8.7999830       8.8893566       8.8893566
       8.9787302       8.9787302       8.9608555       8.9072313       8.9429808
       8.9429808       8.9787302       8.9787302       8.7999830       8.7999830
       8.7999830       8.7999830       8.8536072       8.9608555       8.9608555
       8.9429808       8.8893566       8.9251060       8.8893566       8.9251060
       8.7999830       8.7821083       8.7821083       8.7821083       8.7642336
       8.6569853       8.6569853       8.7463598       8.7463598       8.8178577
       8.7821083       8.7821083       8.8714819       8.7642336       8.7642336
       8.7642336       8.6748610       8.8178577       8.8178577       8.8178577
       8.8178577       9.2289753       9.2468510       9.2468510       9.4434719
       9.4970970       9.4434719       9.4434719       9.4077234       9.3183489
       9.3183489       9.1753521       9.1753521       9.1396027       8.9966049
       8.9966049       8.9966049       8.7999830       8.7999830       7.9241223
       7.6381269       7.6381269       7.6381269       7.4951296       7.2627578
       7.0303864       7.2627578       7.1555095       7.1555095       7.0125117
       7.0125117       6.9588876       7.0125117       6.9588876       6.9588876
       7.0303864       7.0303864       7.0303864       7.1018853       6.9946370
       6.9946370       6.9767628       6.9767628       7.1555095       7.0840106
       7.0840106       8.4782381       8.0671196       8.0671196       8.0671196
       7.6738763       9.2647257       9.3540993       9.2647257       8.4603634
       8.4603634       8.8536072       8.8536072
       8.2994919       8.3173656       8.2458668       8.2458668       8.2458668
       8.2458668       8.1028690       8.1743679       8.1028690       8.1028690
       8.0492449       7.9956212       7.9956212       7.5487533       7.5487533
       7.5487533       7.4415045       7.2091331       7.2091331       7.0125117
       7.0125117       7.6560011       7.2448831       7.2448831       7.2448831
       6.9767628       7.0840106       6.9588876       7.0840106       7.5666280
       7.5666280       7.1018853       7.1018853       7.7096257       7.1733842
       7.1733842       7.1733842       6.9052629       6.8158903       6.8158903
       6.7980151       6.6728926       6.6728926       6.6550174       6.6550174
       6.7622652       6.7801404       6.7801404       6.7622652       6.7801404
       6.8337641       6.8337641       6.8337641       6.8337641       6.8337641
       6.8337641       6.8337641       6.8337641       6.8337641       6.8337641
       6.8337641       6.8337641       6.8337641       6.8337641       6.8337641
       6.8337641       6.8337641       6.8337641       6.8337641       6.8337641
       6.8337641       6.8337641       6.8337641       6.8337641       6.8337641
       6.8873887       6.8337641       6.8873887       6.8873887       6.8695140
       6.9052629       6.8873887       6.9052629       6.8873887       6.9946370
       6.9767628       6.9767628       7.5666280       7.4057555       7.4057555
       7.4057555       7.2091331       9.4792223       9.4792223       8.7999830
       8.7999830       8.9966049       8.8714819       8.8714819       9.0502291
       8.9966049       8.9966049       9.0144796       8.9966049       8.9072313
       8.9072313       8.7999830       8.9966049
       8.4246140       8.2816162       8.4246140       8.4246140       8.2816162
       8.4246140       8.4246140       8.5676117       8.4246140       8.1743679
       8.2994919       8.2994919       8.2994919       8.0134954       8.0134954
       8.0313702       8.0134954       8.0313702       8.0313702       7.8168736
       8.0313702       8.1922426       8.0849953       8.0849953       8.2994919
       8.1743679       8.1743679       7.8704977       8.1743679       8.3709908
       8.3709908       8.2994919       8.2994919       8.4782381       8.4424887
       8.4424887       8.1743679       7.7096257       7.7096257       7.7096257
       7.1912589       6.7980151       6.7980151       6.7265162       6.7265162
       6.8337641       6.7801404       6.7801404       6.8337641       6.8337641
       6.8337641       6.8337641       6.8337641       6.8337641       6.8337641
       6.8337641       6.8337641       6.8337641       6.8337641       6.8337641
       6.8337641       6.8337641       6.8337641       6.8337641       6.8158903
       6.8158903       6.8158903       6.8337641       6.7980151       6.7980151
       6.7622652       6.7980151       6.8337641       6.8337641       6.8337641
       6.8873887       6.8873887       6.8873887       6.8873887       6.8873887
       6.9588876       6.9410129       6.9588876       7.1376343       7.1376343
       7.0661354       7.0661354       8.1922426       7.8526235       7.8526235
       8.1922426       7.8526235       8.6748610       8.6748610       8.9787302
       8.8357325       8.8357325       8.9429808       8.8357325       9.1396027
       9.1038532       9.1038532       9.0859785       9.1396027       9.0859785
       8.9966049       9.0859785       8.3888645
       8.9072313       8.8536072       8.7999830       8.7999830       8.7999830
       8.7999830       8.8893566       8.8357325       8.8893566       8.8893566
       8.9787302       8.9608555       8.9608555       8.9429808       8.9429808
       8.9429808       8.9787302       8.7999830       8.7999830       8.7999830
       8.7999830       8.9072313       8.9608555       8.9608555       8.9608555
       8.8893566       8.8893566       8.9251060       8.8893566       8.7999830
       8.7999830       8.7821083       8.7821083       8.6033621       8.6569853
       8.6569853       8.6569853       8.7463598       8.8178577       8.8178577
       8.7821083       8.8714819       8.8714819       8.7642336       8.7642336
       8.8893566       8.8178577       8.8178577       8.8178577       8.8178577
       9.2289753       9.2289753       9.2468510       9.4970970       9.4434719
       9.4970970       9.4434719       9.3004742       9.3183489       9.3183489
       9.3183489       9.1753521       9.1396027       9.1396027       8.9966049
       8.9966049       8.9966049       8.7999830       7.9241223       7.9241223
       7.6381269       7.6381269       7.6023774       7.2627578       7.2627578
       7.1555095       7.6381269       7.1555095       7.1555095       7.0125117
       7.0125117       6.9588876       7.0125117       6.9588876       7.0303864
       7.0303864       7.0303864       7.0303864       6.9946370       6.9946370
       6.9946370       6.9767628       7.1555095       7.1555095       7.0840106
       8.4782381       8.4782381       8.0671196       8.0671196       9.3719730
       9.2647257       9.2647257       8.4603634       9.2647257       8.4603634
       8.4603634       8.8536072       8.7999830
       8.5854864       8.6748610       8.6748610       8.6033621       8.7284842
       8.7284842       8.7284842       8.6033621       8.9429808       8.9429808
       8.9429808       8.9429808       8.9429808       8.9429808       8.9429808
       9.1753521       9.1038532       9.1038532       9.1217279       8.9787302
       8.9787302       8.9787302       8.8714819       9.1038532       9.1038532
       9.0144796       9.1038532       8.7642336       8.7821083       8.7642336
       8.7821083       8.6927347       8.6927347       8.6927347       8.6033621
       9.0144796       9.0144796       8.9429808       8.9429808       9.0681038
       8.9966049       8.9966049       9.0681038       8.9787302       8.9787302
       8.9787302       8.9429808       9.2111015       9.1753521       9.2111015
       9.1753521       9.3719730       9.4255981       9.4255981       9.1217279
       9.3719730       9.1217279       9.1217279       9.1753521       9.3898478
       9.3898478       9.2468510       9.2468510       9.3183489       9.2647257
       9.3183489       7.7453752       7.7275000       7.7275000       8.3352404
       8.4782381       8.4782381       8.3352404       8.4782381       8.6212358
       8.2637415       8.6212358       7.7989988       7.7989988       7.9956212
       7.9956212       7.2448831       7.7096257       7.2448831       7.7096257
       7.2448831       8.1922426       8.1922426       7.3521309       7.3342566
       7.3342566       7.1376343       7.3342566       8.4246140       8.7821083
       8.7821083       8.4246140       9.4255981       9.4255981       9.4255981
       9.4255981       9.3004742       8.9966049       9.3004742       9.3004742
       9.4434719       9.3004742       9.4434719
       8.4246140       8.4246140       8.4246140       8.4246140       8.3173656
       8.2994919       8.3173656       8.2994919       8.3173656       8.0134954
       7.9777465       7.9777465       8.0134954       7.8168736       7.8168736
       8.0313702       8.0849953       8.0849953       8.0849953       7.9419966
       8.1743679       8.1743679       7.8704977       7.8704977       8.3709908
       8.2994919       8.2994919       8.4424887       8.2994919       8.4424887
       8.4424887       8.2279930       7.7096257       7.7096257       7.1912589
       7.1912589       6.7980151       6.7265162       6.7265162       6.7265162
       6.7086415       6.7801404       6.7801404       6.7801404       6.8337641
       6.8337641       6.8337641       6.8337641       6.8337641       6.8337641
       6.8337641       6.8337641       6.8516393       6.8337641       6.8337641
       6.8337641       6.8337641       6.8337641       6.8337641       6.8337641
       6.8158903       6.8337641       6.8337641       6.8337641       6.7622652
       6.7622652       6.7980151       6.8337641       6.8337641       6.8337641
       6.8337641       6.8873887       6.8873887       6.8873887       6.8873887
       6.9410129       6.9588876       6.9410129       7.1376343       7.0661354
       7.0661354       7.0125117       7.0661354       7.8526235       7.8526235
       7.6381269       7.8526235       8.6748610       8.9787302       8.9787302
       8.8357325       8.9429808       8.9429808       8.8357325       8.9429808
       9.1038532       9.1038532       9.1038532       9.0859785       9.0859785
       9.1753521       9.0859785       8.6391106       8.3888645       8.6391106
       8.3888645       9.0323544       9.0323544
       8.3888645       8.5139875       8.5139875       8.3888645       8.5139875
       8.1207438       8.1743679       8.1207438       8.1386185       8.1386185
       8.0313702       8.1386185       8.2458668       8.1564941       8.2458668
       8.3173656       8.2637415       8.2637415       8.3173656       8.2637415
       8.4246140       8.4246140       8.2994919       8.4961128       8.4961128
       8.4424887       8.4961128       8.4246140       8.4246140       8.4246140
       8.4246140       8.4246140       8.3531151       8.3531151       8.1743679
       7.2091331       7.2091331       6.9588876       6.9588876       6.9767628
       6.9052629       6.9052629       6.9767628       6.9052629       6.8337641
       6.8337641       6.8337641       6.8337641       6.8337641       6.8337641
       6.8337641       6.8337641       6.8337641       6.8337641       6.8337641
       6.8337641       6.8337641       6.8337641       6.8337641       6.8337641
       6.8337641       6.8337641       6.8337641       6.8516393       6.8337641
       6.8516393       6.8337641       6.8337641       6.8337641       6.8337641
       6.8873887       6.8873887       6.8873887       6.8873887       6.9767628
       6.9767628       6.9767628       6.9767628       7.3342566       7.2448831
       7.2448831       8.4246140       7.3342566       8.4246140       8.5139875
       8.4246140       8.8178577       8.8178577       8.7284842       8.8178577
       8.8536072       8.8357325       8.8536072       9.1217279       9.1753521
       9.1753521       9.1217279       9.1753521       8.8357325       8.8357325
       8.8357325       8.0313702       8.1386185       8.0313702       8.0313702
       8.7106094       8.8178577       8.8178577
       8.6033621       8.7284842       8.7284842       8.6033621       8.7284842
       8.9429808       8.9429808       8.9429808       8.9429808       8.9429808
       8.9429808       8.9429808       8.9429808       9.1038532       9.1038532
       9.1217279       8.9787302       8.9787302       8.9787302       8.8714819
       9.1038532       9.1038532       9.0144796       9.1038532       8.7821083
       8.7642336       8.7642336       8.6927347       8.7821083       8.6927347
       8.6927347       8.6033621       9.0144796       9.0144796       8.9429808
       8.9429808       9.0681038       8.9966049       8.9966049       9.0681038
       8.9787302       8.9787302       8.9787302       8.9429808       9.2111015
       9.2111015       9.1753521       9.1753521       9.4255981       9.3719730
       9.4255981       9.3719730       9.1217279       9.1217279       9.1753521
       9.1217279       9.3898478       9.3898478       9.2468510       9.2468510
       9.3183489       9.2647257       9.2647257       9.3183489       7.7275000
       7.7275000       8.3352404       8.4782381       8.4782381       8.3352404
       8.4782381       8.6212358       8.6212358       8.2637415       7.7989988
       7.9956212       7.7989988       7.9956212       7.7096257       7.2448831
       7.2448831       7.2448831       7.7096257       8.1922426       8.1922426
       7.3521309       7.3342566       7.3342566       7.1376343       7.3342566
       8.4246140       8.7821083       8.7821083       8.4246140       9.4255981
       9.4255981       9.4255981       9.4255981       9.3004742       9.3004742
       8.9966049       9.3004742       9.3004742       9.4434719       9.4434719
       9.5328455       8.9966049       8.9966049
       8.3888645       8.5139875       8.1207438       8.1207438       8.1743679
       8.1386185       8.0313702       8.1386185       8.1386185       8.2458668
       8.1564941       8.1564941       8.2458668       8.2637415       8.2637415
       8.3173656       8.2637415       8.4246140       8.4246140       8.2994919
       8.4961128       8.4961128       8.4424887       8.4961128       8.4246140
       8.4246140       8.4246140       8.4246140       8.4246140       8.3531151
       8.3531151       8.1743679       7.2091331       7.2091331       6.9588876
       6.9588876       6.9767628       6.9052629       6.9052629       6.9767628
       6.9052629       6.8337641       6.8337641       6.8337641       6.8337641
       6.8337641       6.8337641       6.8337641       6.8337641       6.8337641
       6.8337641       6.8337641       6.8337641       6.8337641       6.8337641
       6.8337641       6.8337641       6.8337641       6.8337641       6.8337641
       6.8516393       6.8337641       6.8337641       6.8516393       6.8337641
       6.8337641       6.8337641       6.8873887       6.8873887       6.8873887
       6.8873887       6.9767628       6.9767628       6.9767628       6.9767628
       7.2448831       7.3342566       7.2448831       7.3342566       8.4246140
       8.4246140       8.4246140       8.5139875       8.8178577       8.8178577
       8.7284842       8.8178577       8.8536072       8.8357325       8.8536072
       9.1217279       9.1753521       9.1753521       9.1217279       9.1753521
       8.8357325       8.8357325       8.8357325       8.0313702       8.0313702
       8.1386185       8.0313702       8.8178577       8.7106094       8.8178577
       8.8178577       8.8178577       8.6391106
       8.6033621       8.6033621       8.6033621       8.6033621       8.3352404
       8.6212358       8.3709908       8.6212358       8.3709908       8.5318623
       8.4246140       8.5318623       8.5318623       8.6212358       8.6212358
       8.7106094       8.7106094       8.7106094       8.7106094       8.4961128
       8.4067392       8.4067392       8.3888645       8.3888645       8.4246140
       8.4067392       8.4067392       8.4961128       8.3709908       8.4961128
       8.3709908       8.4961128       8.1922426       8.1922426       7.7811246
       7.7811246       7.1197605       6.9410129       6.9410129       6.9052629
       6.8695140       6.8695140       6.9052629       6.8695140       6.8873887
       6.8873887       6.8695140       6.8695140       6.8516393       6.8695140
       6.8516393       6.8695140       6.8695140       6.8695140       6.8695140
       6.8695140       6.8516393       6.8516393       6.8337641       6.8337641
       6.8695140       6.8695140       6.8695140       6.8337641       6.8337641
       6.8337641       6.8873887       6.8873887       6.8873887       6.8873887
       6.8873887       6.9410129       6.9231381       6.9410129       7.3700061
       7.3700061       7.3163819       7.3700061       9.0502291       8.9072313
       9.0502291       8.9072313       9.0502291       9.0859785       9.1217279
       9.0859785       9.0502291       9.0144796       9.0502291       9.0502291
       9.4792223       9.3362246       9.4792223       9.4792223       9.1217279
       9.3183489       9.3183489       9.1217279       9.0859785       9.1574764
       9.0859785       9.0859785       8.4424887       8.6927347       8.4424887
       7.4772544       7.9241223       7.4772544
       8.6033621       8.7284842       8.9429808       8.9429808       8.9429808
       8.9429808       8.9429808       8.9429808       8.9429808       8.9429808
       9.1038532       9.1038532       9.1038532       8.9787302       8.9787302
       8.9787302       8.8714819       9.1038532       9.1038532       9.0144796
       9.1038532       8.7821083       8.7642336       8.7642336       8.7821083
       8.6927347       8.6927347       8.6033621       8.6927347       9.0144796
       9.0144796       8.9429808       8.9429808       9.0681038       8.9966049
       8.9966049       9.0681038       8.9787302       8.9787302       8.9787302
       8.9429808       9.2111015       9.2111015       9.1753521       9.1753521
       9.3719730       9.4255981       9.4255981       9.1217279       9.3719730
       9.1217279       9.1217279       9.1753521       9.3898478       9.2468510
       9.3898478       9.2468510       9.3183489       9.2647257       9.2647257
       9.3183489       7.7275000       7.7275000       7.7275000       8.4782381
       8.4782381       8.3352404       8.4782381       8.6212358       8.6212358
       8.2637415       7.7989988       7.7989988       7.9956212       7.9956212
       7.2448831       7.7096257       7.2448831       7.7096257       7.2448831
       8.1922426       7.3521309       8.1922426       7.3342566       7.3342566
       7.1376343       7.3342566       8.4246140       8.7821083       8.7821083
       8.4246140       9.4255981       9.4255981       9.4255981       9.4255981
       9.3004742       9.3004742       8.9966049       9.3004742       9.4434719
       9.3004742       9.4434719       8.9966049       9.5328455       8.9966049
       8.9966049       8.9966049       8.9608555
       8.6212358       8.6212358       8.6212358       8.6212358       8.3709908
       8.5318623       8.5318623       8.5497370       8.5318623       8.6212358
       8.6212358       8.6212358       8.7106094       8.7106094       8.7106094
       8.4067392       8.4067392       8.4067392       8.4067392       8.3888645
       8.4246140       8.4246140       8.4067392       8.3709908       8.3709908
       8.4961128       8.3709908       8.1922426       8.1922426       8.1922426
       8.1922426       7.7811246       7.1197605       7.1197605       6.9410129
       6.9052629       6.9052629       6.8695140       6.9052629       6.8873887
       6.8873887       6.8873887       6.8873887       6.8695140       6.8695140
       6.8695140       6.8516393       6.8695140       6.8695140       6.8695140
       6.8695140       6.8516393       6.8516393       6.8516393       6.8337641
       6.8516393       6.8695140       6.8695140       6.8695140       6.8337641
       6.8337641       6.8337641       6.8337641       6.8873887       6.8873887
       6.8873887       6.9231381       6.9410129       6.9231381       6.9231381
       7.3700061       7.3163819       7.3163819       7.3700061       9.0502291
       9.0502291       8.9072313       9.0502291       9.1217279       9.0859785
       9.1217279       9.0502291       9.0144796       9.0144796       9.0144796
       9.0502291       9.4792223       9.5149708       9.4792223       9.4792223
       9.4792223       9.3183489       9.3183489       9.1574764       9.0859785
       9.1574764       9.1574764       9.0859785       8.6927347       8.6927347
       8.4424887       7.4772544       7.4772544       8.0849953       7.4772544
       7.1376343       7.5308785       7.1376343
