      48.3708
      48.3668
      48.3444
      48.3220
      48.3179
      48.2955
      48.2691
      48.2732
      48.2467
      48.2244
      48.2203
      48.1980
      48.1756
      48.1492
      48.1268
      48.1044
      48.1004
      48.0780
      48.0556
      48.0516
      48.0292
      48.0068
      48.0028
      47.9804
      47.9580
      47.9540
      47.9316
      47.9052
      47.9093
      47.8828
      47.8605
      47.8564
      47.8341
      47.8117
      47.8076
      47.7853
      47.7629
      47.7588
      47.7365
      47.7141
      47.7100
      47.6876
      47.6653
      47.6612
      47.6388
      47.6165
      47.6124
      47.5900
      47.5636
      47.5676
      47.5412
      47.5188
      47.5147
      47.4923
      47.4659
      47.4700
      47.4435
      47.4211
      47.4170
      47.3946
      47.3722
      47.3681
      47.3457
      47.3233
      47.2968
      47.2744
      47.2520
      47.2479
      47.2255
      47.2031
      47.1990
      47.1766
      47.1542
      47.1501
      47.1276
      47.1011
      47.1052
      47.0787
      47.0562
      47.0521
      47.0297
      47.0031
      47.0072
      46.9807
      46.9582
      46.9541
      46.9316
      46.9092
      46.9050
      46.8826
      46.8601
      46.8560
      46.8335
      46.8110
      46.8069
      46.7844
      46.7619
      46.7577
      46.7352
      46.7128
      46.7086
      46.6861
      46.6594
      46.6636
      46.6369
      46.6144
      46.6102
      46.5877
